Repetition: 2
**Reward:
[[0.38447415329768275, 0.3585739750445633, 0.40786987522281637], [0.5003832442067736, 0.4546434937611408, 0.36773618538324426], [0.35684491978609634, 0.4542691622103387, 0.43049019607843136], [0.4373707664884135, 0.515409982174688, 0.37520499108734406], [0.4549197860962568, 0.46616755793226383, 0.37496434937611417], [0.45652406417112296, 0.46073083778966123, 0.38075757575757574], [0.5054367201426025, 0.4482798573975046, 0.4644474153297682], [0.44988413547237077, 0.49466131907308375, 0.3852584670231729], [0.4256149732620321, 0.5036363636363637, 0.4816488413547238], [0.44109625668449204, 0.5013190730837789, 0.4738948306595365]]

**node_profit_rep:
[[0.4648611111111111, 0.4345833333333333, 0.48631944444444447], [0.5854166666666665, 0.5430555555555556, 0.44659722222222226], [0.4325, 0.5490277777777778, 0.5124305555555555], [0.5243749999999999, 0.6067361111111109, 0.4560416666666666], [0.5404861111111111, 0.5495833333333334, 0.4564583333333333], [0.537013888888889, 0.543611111111111, 0.4663888888888889], [0.5916666666666668, 0.5419444444444445, 0.5527083333333332], [0.535625, 0.583125, 0.4618055555555555], [0.5084722222222222, 0.5902777777777778, 0.5711111111111111], [0.5340972222222223, 0.5777777777777777, 0.5625]]

**link_profit_rep:
[[0.29967032967032975, 0.2783882783882784, 0.32510989010989017], [0.41067765567765563, 0.36137362637362636, 0.2845421245421246], [0.27703296703296704, 0.35430402930402927, 0.34404761904761905], [0.3455860805860806, 0.419065934065934, 0.2899267399267399], [0.36465201465201463, 0.3781684981684982, 0.288992673992674], [0.3716117216117216, 0.37329670329670334, 0.2904212454212454], [0.41446886446886444, 0.34946886446886444, 0.37133699633699635], [0.35943223443223443, 0.4013369963369963, 0.3045054945054945], [0.3382051282051282, 0.4122344322344323, 0.3872710622710623], [0.34298534798534797, 0.42065934065934063, 0.3804212454212454]]

**edge_profit_rep:
[[0, 0, 0], [0, 0, 0], [0, 0, 0], [0, 0, 0], [0, 0, 0], [0, 0, 0], [0, 0, 0], [0, 0, 0], [0, 0, 0], [0, 0, 0]]

**central_profit_rep:
[[0, 0, 0], [0, 0, 0], [0, 0, 0], [0, 0, 0], [0, 0, 0], [0, 0, 0], [0, 0, 0], [0, 0, 0], [0, 0, 0], [0, 0, 0]]

**profit_embb_rep:
[[0.08083333333333334, 0.06416666666666666, 0.08291666666666667], [0.07458333333333333, 0.08374999999999999, 0.09], [0.07583333333333334, 0.11125, 0.05708333333333334], [0.10041666666666667, 0.09875, 0.047499999999999994], [0.030000000000000002, 0.044166666666666674, 0.08541666666666667], [0.0525, 0.07, 0.04791666666666667], [0.09749999999999999, 0.08625000000000001, 0.06041666666666667], [0.07458333333333333, 0.06875, 0.04583333333333334], [0.06916666666666665, 0.08333333333333334, 0.07291666666666666], [0.09541666666666666, 0.03916666666666667, 0.04291666666666667]]

**profit_urllc_rep:
[[0.3284722222222222, 0.30861111111111106, 0.35444444444444445], [0.47055555555555556, 0.40791666666666665, 0.3055555555555556], [0.3025, 0.385, 0.39875], [0.3819444444444445, 0.4736111111111111, 0.3422222222222222], [0.43999999999999995, 0.4491666666666667, 0.3116666666666667], [0.42930555555555555, 0.4277777777777778, 0.34069444444444447], [0.4629166666666667, 0.39875, 0.4384722222222222], [0.41555555555555557, 0.4751388888888889, 0.3590277777777778], [0.3865277777777777, 0.46597222222222223, 0.45374999999999993], [0.37583333333333335, 0.50875, 0.45986111111111105]]

**profit_miot_rep:
[[0.05555555555555556, 0.06180555555555556, 0.04895833333333333], [0.04027777777777777, 0.05138888888888889, 0.051041666666666666], [0.05416666666666667, 0.05277777777777777, 0.056597222222222215], [0.042013888888888885, 0.034375, 0.06631944444444444], [0.07048611111111111, 0.056249999999999994, 0.059375], [0.055208333333333325, 0.04583333333333333, 0.07777777777777777], [0.031249999999999997, 0.05694444444444444, 0.05381944444444444], [0.04548611111111111, 0.03923611111111111, 0.05694444444444444], [0.052777777777777785, 0.040972222222222215, 0.044444444444444446], [0.06284722222222222, 0.02986111111111111, 0.05972222222222221]]

**Acceptance Rate:
[[0.26755852842809363, 0.20238095238095238, 0.26277372262773724], [0.23127035830618892, 0.24829931972789115, 0.22364217252396165], [0.22456140350877193, 0.26282051282051283, 0.23809523809523808], [0.2806451612903226, 0.27364864864864863, 0.22653721682847897], [0.20408163265306123, 0.20521172638436483, 0.21885521885521886], [0.21035598705501618, 0.26262626262626265, 0.20833333333333334], [0.27598566308243727, 0.3193548387096774, 0.2469879518072289], [0.2669039145907473, 0.225, 0.23178807947019867], [0.2621359223300971, 0.2535211267605634, 0.2310126582278481], [0.2525597269624573, 0.2040133779264214, 0.1826086956521739]]

**acpt_rate_embb_rep:
[[0.34408602150537637, 0.1452991452991453, 0.3146067415730337], [0.22448979591836735, 0.24719101123595505, 0.25], [0.22826086956521738, 0.29292929292929293, 0.1485148514851485], [0.25925925925925924, 0.2912621359223301, 0.1391304347826087], [0.0989010989010989, 0.11009174311926606, 0.24074074074074073], [0.18181818181818182, 0.19834710743801653, 0.12698412698412698], [0.33695652173913043, 0.2823529411764706, 0.17117117117117117], [0.29411764705882354, 0.21153846153846154, 0.11818181818181818], [0.21818181818181817, 0.24509803921568626, 0.22], [0.2736842105263158, 0.12371134020618557, 0.10810810810810811]]

**acpt_rate_urllc_rep:
[[0.25961538461538464, 0.24509803921568626, 0.2808988764044944], [0.33962264150943394, 0.2782608695652174, 0.22429906542056074], [0.27, 0.2796610169491525, 0.38461538461538464], [0.3142857142857143, 0.34615384615384615, 0.3333333333333333], [0.2815533980582524, 0.35106382978723405, 0.22115384615384615], [0.26605504587155965, 0.43023255813953487, 0.24545454545454545], [0.32673267326732675, 0.3130434782608696, 0.3394495412844037], [0.3617021276595745, 0.3490566037735849, 0.36893203883495146], [0.3431372549019608, 0.4, 0.3804347826086957], [0.26666666666666666, 0.3490566037735849, 0.2982456140350877]]

**acpt_rate_miot_rep:
[[0.20588235294117646, 0.2222222222222222, 0.19791666666666666], [0.1262135922330097, 0.2111111111111111, 0.19607843137254902], [0.17204301075268819, 0.21052631578947367, 0.19607843137254902], [0.26804123711340205, 0.16853932584269662, 0.22448979591836735], [0.22, 0.17307692307692307, 0.18823529411764706], [0.1782178217821782, 0.18888888888888888, 0.27], [0.1511627906976744, 0.35454545454545455, 0.23214285714285715], [0.1568627450980392, 0.11818181818181818, 0.21348314606741572], [0.2268041237113402, 0.13402061855670103, 0.12903225806451613], [0.21505376344086022, 0.125, 0.14166666666666666]]

**total_utl_rep:
[[3.1452480158730167, 3.859573412698413, 2.8544345238095237], [4.368492063492064, 3.831498015873016, 4.5050793650793635], [2.978759920634921, 4.246101190476191, 5.421031746031745], [3.91389880952381, 4.1385813492063495, 3.4618253968253963], [4.997767857142857, 3.851349206349206, 3.3204662698412695], [5.1810317460317465, 3.6394841269841267, 4.561765873015872], [5.190000000000001, 4.946686507936507, 3.987400793650794], [3.7046130952380953, 4.825744047619048, 3.063313492063492], [3.629960317460317, 3.695803571428571, 5.354404761904762], [4.4181646825396825, 5.234751984126984, 5.949394841269841]]

**node_utl_rep:
[[0.5175, 0.4897222222222222, 0.5306944444444445], [0.6077777777777778, 0.5852777777777778, 0.4998611111111111], [0.4844444444444444, 0.6038888888888889, 0.5518055555555554], [0.5651388888888887, 0.630972222222222, 0.5070833333333333], [0.5809722222222221, 0.5797222222222221, 0.5159722222222222], [0.5706944444444443, 0.5738888888888888, 0.5291666666666667], [0.6133333333333334, 0.5913888888888887, 0.5868055555555557], [0.5681944444444443, 0.6020833333333333, 0.5013888888888889], [0.5491666666666666, 0.6166666666666667, 0.598611111111111], [0.5945833333333332, 0.5744444444444444, 0.5947222222222222]]

**link_utl_rep:
[[0.35333333333333333, 0.3252380952380952, 0.37880952380952376], [0.4826190476190476, 0.42928571428571427, 0.3371428571428572], [0.32619047619047625, 0.4235714285714286, 0.40547619047619043], [0.41452380952380946, 0.49928571428571433, 0.34714285714285714], [0.42857142857142855, 0.44523809523809527, 0.34023809523809523], [0.43142857142857144, 0.4400000000000001, 0.345952380952381], [0.4885714285714285, 0.42214285714285715, 0.44452380952380943], [0.43119047619047624, 0.48357142857142854, 0.3619047619047619], [0.400952380952381, 0.4833333333333334, 0.465952380952381], [0.40595238095238095, 0.49809523809523804, 0.45452380952380955]]

**edge_ult_rep:
[[0.4122222222222222, 0.3794444444444444, 0.4419444444444445], [0.5630555555555555, 0.5008333333333334, 0.3933333333333333], [0.38055555555555554, 0.4941666666666667, 0.4730555555555555], [0.4836111111111111, 0.5824999999999999, 0.40499999999999997], [0.5000000000000001, 0.5194444444444445, 0.39694444444444443], [0.5033333333333333, 0.5133333333333333, 0.4036111111111111], [0.57, 0.49249999999999994, 0.518611111111111], [0.5030555555555556, 0.5641666666666666, 0.42222222222222217], [0.46777777777777774, 0.5638888888888889, 0.5436111111111112], [0.47361111111111115, 0.5811111111111111, 0.5302777777777778]]

**central_utl_rep:
[[0.6227777777777779, 0.6, 0.6194444444444445], [0.6525, 0.6697222222222221, 0.6063888888888889], [0.5883333333333333, 0.713611111111111, 0.6305555555555555], [0.6466666666666667, 0.6794444444444444, 0.6091666666666667], [0.6619444444444443, 0.64, 0.6349999999999999], [0.6380555555555555, 0.6344444444444445, 0.6547222222222221], [0.6566666666666667, 0.6902777777777775, 0.655], [0.6333333333333333, 0.64, 0.5805555555555556], [0.6305555555555555, 0.6694444444444445, 0.6536111111111111], [0.7155555555555554, 0.5677777777777778, 0.6591666666666666]]

**embb_utl_rep:
[[0, 0, 0], [0, 0, 0], [0, 0, 0], [0, 0, 0], [0, 0, 0], [0, 0, 0], [0, 0, 0], [0, 0, 0], [0, 0, 0], [0, 0, 0]]

**urllc_utl_rep:
[[0, 0, 0], [0, 0, 0], [0, 0, 0], [0, 0, 0], [0, 0, 0], [0, 0, 0], [0, 0, 0], [0, 0, 0], [0, 0, 0], [0, 0, 0]]

**miot_utl_rep:
[[0, 0, 0], [0, 0, 0], [0, 0, 0], [0, 0, 0], [0, 0, 0], [0, 0, 0], [0, 0, 0], [0, 0, 0], [0, 0, 0], [0, 0, 0]]

